29255 5655
26018 13993
19500 19304
11242 20952
3089 19243
-3305 15301
-6909 10717
-7567 7075
-5991 5490
-3513 6297
-1655 8969
-1665 12291
-4134 14735
-8804 14922
-14641 12043
-20116 6120
-23644 -1976
-24034 -10744
-20826 -18442
-14431 -23547
-6027 -25148
2750 -23168
10236 -18354
15162 -12049
16957 -5812
15858 -994
12791 1606
9077 1925
6034 599
4610 -1264
5127 -2431
7212 -1928
9937 674
12099 5128
12586 10573
10702 15768
6381 19434
214 20597
-6692 18853
-13001 14470
-17494 8319
-19372 1642
-18449 -4268
-15183 -8393
-10532 -10235
-5688 -9913
-1758 -8097
525 -5795
981 -4053
5 -3654
-1562 -4895
-2696 -7495
-2489 -10674
-426 -13365
3446 -14513
8506 -13378
13705 -9753
17829 -4054
19821 2766
19066 9441
15570 14711
9969 17636
3381 17844
-2878 15611
-7635 11788
-10163 7553
-10363 4089
-8778 2243
-6427 2290
-4498 3846
-3994 5979
-5420 7477
-8608 7212
-12734 4489
-16527 -708
-18620 -7659
-17941 -15056
-14045 -21327
-7283 -25048
1251 -25327
9971 -22055
17204 -15956
21620 -8395
22583 -1021
20312 4676
15804 7768
10546 8131
6083 6455
3573 4021
3456 2308
5326 2532
8058 5260
10145 10207
10160 16282
7200 21873
1194 25296
-7026 25271
-15913 21306
-23602 13863
-28403 4260
-29255 -5655
-26018 -13993
-19500 -19304
-11242 -20952
-3089 -19243
3305 -15301
6909 -10717
7567 -7075
5991 -5490
3513 -6297
1655 -8969
1665 -12291
4134 -14735
8804 -14922
14641 -12043
20116 -6120
23644 1976
24034 10744
20826 18442
14431 23547
6027 25148
-2750 23168
-10236 18354
-15162 12049
-16957 5812
-15858 994
-12791 -1606
-9077 -1925
-6034 -599
-4610 1264
-5127 2431
-7212 1928
-9937 -674
-12099 -5128
-12586 -10573
-10702 -15768
-6381 -19434
-214 -20597
6692 -18853
13001 -14470
17494 -8319
19372 -1642
18449 4268
15183 8393
10532 10235
5688 9913
1758 8097
-525 5795
-981 4053
-5 3654
1562 4895
2696 7495
2489 10674
426 13365
-3446 14513
-8506 13378
-13705 9753
-17829 4054
-19821 -2766
-19066 -9441
-15570 -14711
-9969 -17636
-3381 -17844
2878 -15611
7635 -11788
10163 -7553
10363 -4089
8778 -2243
6427 -2290
4498 -3846
3994 -5979
5420 -7477
8608 -7212
12734 -4489
16527 708
18620 7659
17941 15056
14045 21327
7283 25048
-1251 25327
-9971 22055
-17204 15956
-21620 8395
-22583 1021
-20312 -4676
-15804 -7768
-10546 -8131
-6083 -6455
-3573 -4021
-3456 -2308
-5326 -2532
-8058 -5260
-10145 -10207
-10160 -16282
-7200 -21873
-1194 -25296
7026 -25271
15913 -21306
23602 -13863
28403 -4260
