26018 13993
24622 15659
22987 17136
21190 18391
19310 19392
17295 20131
15146 20626
12959 20893
10820 20945
8668 20747
6516 20323
4445 19729
2532 19015
724 18118
-968 17075
-2492 15965
-3803 14853
-4926 13664
-5864 12441
-6610 11264
-7153 10190
-7478 9154
-7617 8192
-7606 7360
-7456 6694
-7124 6160
-6666 5765
-6148 5528
-5592 5466
-4940 5576
-4259 5833
-3627 6210
-3060 6714
-2507 7368
-2025 8115
-1680 8892
-1479 9709
-1390 10600
-1442 11486
-1665 12291
-2070 13035
-2640 13743
-3364 14343
-4226 14768
-5258 15040
-6444 15171
-7733 15120
-9077 14849
-10526 14362
-12059 13674
-13599 12784
-15079 11693
-16565 10375
-18026 8856
-19384 7182
-20573 5383
-21655 3402
-22604 1286
-23358 -889
-23872 -3075
-24186 -5348
-24289 -7647
-24157 -9886
-23770 -12013
-23133 -14107
-22264 -16107
-21187 -17937
-19897 -19561
-18367 -21035
-16651 -22319
-14809 -23369
-12843 -24162
-10708 -24726
-8482 -25057
-6248 -25152
-4000 -24993
-1696 -24585
582 -23964
2750 -23168
4824 -22171
6832 -20967
8710 -19625
10395 -18210
11901 -16682
13245 -15040
14397 -13363
15330 -11726
16040 -10078
16543 -8428
16851 -6845
16973 -5389
16878 -4018
16593 -2742
16165 -1599
15628 -625
14929 197
14108 873
13230 1400
12342 1770
11379 1970
10388 2026
9434 1972
8556 1817
7701 1525
6904 1142
6213 723
5655 288
5197 -213
4852 -724
4636 -1183
4564 -1576
4629 -1945
4812 -2243
5095 -2421
5488 -2472
6004 -2421
6594 -2246
7212 -1928
7879 -1455
8607 -840
9334 -96
10000 766
10636 1768
11246 2900
11774 4120
12166 5385
12450 6739
12628 8164
12664 9598
12526 10985
12224 12380
11767 13758
11150 15056
10368 16219
9407 17300
8289 18276
7043 19097
5686 19726
4177 20196
2559 20497
886 20610
-813 20515
-2596 20220
-4406 19738
-6178 19082
-7884 18249
-9581 17221
-11213 16036
-12720 14739
-14084 13332
-15346 11780
-16468 10143
-17411 8484
-18163 6799
-18747 5054
-19153 3313
-19372 1642
-19391 29
-19219 -1550
-18879 -3042
-18394 -4396
-17737 -5626
-16917 -6744
-15982 -7724
-14976 -8543
-13860 -9199
-12647 -9704
-11397 -10065
-10163 -10285
-8898 -10343
-7619 -10259
-6385 -10066
-5239 -9791
-4142 -9391
-3108 -8899
-2175 -8364
-1372 -7821
-677 -7221
-91 -6600
374 -6010
710 -5482
914 -4973
1003 -4513
998 -4142
900 -3878
687 -3698
396 -3612
71 -3635
-285 -3779
-703 -4039
-1134 -4399
-1526 -4846
-1880 -5390
-2224 -6039
-2511 -6754
-2696 -7495
-2783 -8281
-2790 -9121
-2691 -9962
-2459 -10749
-2093 -11512
-1605 -12254
-997 -12921
-270 -13462
593 -13907
1579 -14253
2655 -14465
3796 -14507
5040 -14396
6361 -14134
7708 -13712
9039 -13119
10407 -12346
11778 -11411
13090 -10337
14302 -9131
15467 -7763
16550 -6268
17499 -4694
18281 -3065
18935 -1329
19440 462
19764 2243
19888 3992
19830 5761
19591 7496
19172 9132
18562 10653
17757 12102
16788 13436
15687 14605
14442 15602
13036 16452
11527 17136
9969 17636
8342 17942
6630 18065
4899 18019
3216 17817
1549 17437
-108 16888
-1697 16213
-3159 15452
-4525 14566
-5796 13569
-6935 12520
-7909 11474
-8729 10379
-9402 9256
-9924 8166
-10288 7159
-10480 6186
-10522 5269
-10440 4449
-10252 3760
-9918 3175
-9477 2700
-8980 2347
-8454 2131
-7847 2052
-7207 2093
-6596 2232
-6036 2471
-5480 2833
-4972 3275
-4563 3751
-4270 4257
-4059 4829
-3955 5407
-3983 5932
-4155 6404
-4458 6857
-4882 7234
-5420 7477
-6089 7594
-6887 7606
-7772 7477
-8702 7173
-9713 6694
-10798 6052
-11893 5249
-12938 4282
-13981 3130
-15009 1812
-15953 364
-16751 -1184
-17453 -2878
-18043 -4688
-18467 -6547
-18680 -8404
-18713 -10328
-18562 -12272
-18204 -14159
-17619 -15933
-16807 -17666
-15788 -19310
-14578 -20794
-13180 -22074
-11563 -23206
-9774 -24157
-7869 -24881
-5861 -25353
-3696 -25598
-1446 -25616
807 -25399
3053 -24933
5349 -24216
7614 -23285
9766 -22174
11800 -20870
13762 -19354
15586 -17693
17204 -15956
18621 -14116
19861 -12155
20895 -10157
21688 -8203
22235 -6253
22553 -4301
22653 -2421
22544 -687
22196 941
21630 2463
20898 3833
20041 5007
19003 6001
17818 6824
16561 7469
15292 7928
13939 8184
12545 8265
11187 8204
9921 8021
8683 7670
7508 7197
6457 6668
5566 6115
4795 5475
4160 4807
3682 4187
3381 3645
3250 3121
3267 2669
3413 2351
3697 2187
4137 2138
4679 2232
5267 2495
5911 2945
6641 3566
7382 4342
8058 5260
8690 6344
9301 7590
9818 8943
10172 10349
10385 11852
10471 13446
10385 15049
10081 16583
9569 18109
8861 19612
7955 21007
6844 22217
5506 23303
3968 24245
2271 24981
446 25455
-1566 25704
-3715 25725
-5923 25491
-8141 24980
-10450 24191
-12783 23149
-15047 21875
-17191 20374
-19296 18608
-21297 16633
-23108 14516
-24690 12274
-26106 9844
-27311 7309
-28251 4763
-28902 2220
-29295 -385
-29424 -2964
-29284 -5419
-28854 -7748
-28139 -10002
-27181 -12108
-26018 -13993
-24622 -15659
-22986 -17135
-21190 -18390
-19309 -19392
-17294 -20131
-15146 -20626
-12958 -20892
-10819 -20944
-8668 -20747
-6515 -20322
-4444 -19729
-2532 -19014
-724 -18118
968 -17075
2493 -15965
3804 -14853
4926 -13664
5865 -12441
6611 -11263
7153 -10189
7478 -9154
7617 -8191
7606 -7359
7457 -6694
7125 -6159
6666 -5765
6148 -5528
5593 -5465
4940 -5576
4260 -5832
3627 -6209
3061 -6713
2507 -7368
2026 -8115
1680 -8891
1480 -9709
1391 -10599
1443 -11485
1665 -12291
2070 -13035
2641 -13742
3364 -14343
4227 -14768
5258 -15039
6444 -15170
7734 -15120
9077 -14849
10526 -14362
12059 -13673
13600 -12784
15080 -11693
16565 -10374
18027 -8856
19385 -7181
20573 -5382
21656 -3402
22605 -1286
23359 890
23873 3075
24187 5348
24289 7648
24158 9886
23771 12013
23133 14107
22265 16108
21187 17938
19898 19561
18367 21035
16652 22320
14810 23370
12844 24163
10708 24726
8482 25057
6248 25152
4001 24994
1697 24586
-582 23964
-2750 23168
-4823 22171
-6831 20967
-8709 19625
-10394 18211
-11901 16682
-13245 15040
-14397 13363
-15330 11726
-16040 10079
-16543 8429
-16851 6845
-16972 5389
-16878 4019
-16593 2742
-16164 1599
-15628 625
-14929 -197
-14107 -873
-13230 -1399
-12341 -1770
-11379 -1969
-10387 -2026
-9433 -1971
-8555 -1817
-7700 -1525
-6903 -1141
-6213 -723
-5655 -288
-5197 213
-4852 725
-4636 1184
-4564 1577
-4629 1945
-4811 2244
-5094 2422
-5488 2472
-6003 2421
-6593 2247
-7212 1928
-7879 1455
-8606 840
-9333 96
-10000 -765
-10635 -1767
-11245 -2899
-11773 -4119
-12165 -5384
-12450 -6738
-12628 -8163
-12664 -9597
-12525 -10985
-12224 -12380
-11766 -13758
-11149 -15055
-10368 -16219
-9407 -17300
-8288 -18276
-7042 -19097
-5685 -19726
-4177 -20196
-2558 -20497
-885 -20609
814 -20515
2596 -20220
4407 -19737
6178 -19081
7885 -18249
9581 -17220
11213 -16035
12720 -14739
14084 -13331
15346 -11779
16469 -10142
17411 -8483
18164 -6798
18747 -5053
19153 -3312
19372 -1642
19391 -28
19219 1550
18880 3042
18394 4396
17738 5627
16918 6745
15982 7725
14977 8543
13861 9199
12647 9705
11397 10066
10163 10285
8898 10344
7620 10259
6385 10067
5240 9791
4142 9392
3108 8899
2175 8365
1372 7822
677 7222
92 6600
-374 6011
-710 5483
-913 4974
-1002 4514
-998 4142
-900 3879
-686 3698
-395 3612
-70 3635
286 3780
704 4039
1135 4399
1527 4846
1881 5391
2224 6040
2511 6754
2696 7495
2784 8281
2791 9122
2691 9962
2460 10750
2094 11513
1606 12254
998 12921
271 13463
-593 13907
-1579 14254
-2655 14466
-3796 14508
-5039 14396
-6361 14135
-7707 13713
-9038 13119
-10406 12346
-11777 11412
-13090 10337
-14301 9132
-15466 7763
-16550 6268
-17499 4695
-18280 3065
-18934 1329
-19439 -462
-19763 -2242
-19887 -3991
-19829 -5761
-19590 -7495
-19171 -9131
-18561 -10652
-17756 -12101
-16787 -13435
-15686 -14604
-14441 -15601
-13036 -16451
-11526 -17136
-9969 -17636
-8341 -17941
-6629 -18064
-4899 -18018
-3216 -17817
-1549 -17437
109 -16888
1697 -16213
3160 -15452
4526 -14565
5797 -13568
6936 -12520
7909 -11473
8729 -10378
9403 -9256
9925 -8166
10288 -7158
10480 -6186
10522 -5268
10441 -4448
10252 -3760
9918 -3175
9477 -2699
8981 -2346
8455 -2131
7847 -2052
7208 -2092
6597 -2232
6037 -2470
5481 -2832
4973 -3275
4564 -3751
4270 -4257
4060 -4828
3955 -5407
3983 -5931
4155 -6404
4458 -6856
4882 -7233
5420 -7477
6090 -7594
6888 -7606
7773 -7477
8703 -7173
9713 -6693
10798 -6052
11894 -5249
12939 -4282
13982 -3130
15010 -1811
15954 -363
16752 1184
17454 2879
18044 4689
18468 6548
18680 8405
18714 10328
18563 12273
18205 14160
17619 15933
16808 17666
15788 19311
14579 20795
13181 22075
11564 23207
9775 24157
7869 24882
5861 25353
3696 25599
1447 25616
-806 25399
-3052 24934
-5348 24217
-7614 23285
-9765 22175
-11799 20871
-13761 19354
-15585 17693
-17204 15956
-18620 14117
-19861 12156
-20894 10157
-21687 8203
-22235 6254
-22553 4302
-22653 2422
-22544 687
-22196 -941
-21630 -2463
-20897 -3833
-20040 -5006
-19003 -6000
-17818 -6823
-16561 -7468
-15292 -7927
-13939 -8184
-12544 -8264
-11187 -8203
-9921 -8021
-8682 -7669
-7508 -7196
-6456 -6668
-5565 -6115
-4795 -5474
-4160 -4807
-3682 -4186
-3381 -3644
-3249 -3120
-3267 -2668
-3413 -2350
-3696 -2186
-4137 -2138
-4679 -2231
-5267 -2495
-5910 -2945
-6641 -3565
-7382 -4342
-8058 -5260
-8689 -6343
-9300 -7589
-9818 -8943
-10171 -10349
-10384 -11852
-10471 -13446
-10384 -15048
-10080 -16582
-9568 -18109
-8861 -19612
-7955 -21007
-6844 -22217
-5505 -23302
-3967 -24245
-2270 -24981
-445 -25454
1566 -25704
3715 -25724
5924 -25491
8142 -24979
10450 -24191
12784 -23148
15048 -21875
17191 -20374
19297 -18608
21298 -16633
23109 -14516
