26019 13993
24599 15669
22989 17135
21215 18381
19303 19391
17268 20127
15153 20628
12988 20898
10808 20937
8646 20732
6524 20329
4471 19747
2522 18999
711 18099
-961 17087
-2477 15990
-3806 14834
-4928 13647
-5863 12456
-6609 11286
-7143 10174
-7472 9144
-7625 8204
-7615 7373
-7437 6689
-7115 6157
-6683 5769
-6162 5531
-5569 5474
-4932 5579
-4280 5826
-3638 6206
-3041 6733
-2503 7372
-2044 8097
-1685 8887
-1470 9734
-1390 10601
-1452 11462
-1665 12291
-2074 13057
-2640 13741
-3360 14322
-4231 14772
-5273 15052
-6441 15168
-7717 15108
-9088 14849
-10547 14362
-12052 13674
-13576 12785
-15096 11685
-16585 10364
-18016 8863
-19361 7195
-20588 5364
-21669 3386
-22594 1300
-23343 -869
-23880 -3099
-24191 -5364
-24285 -7629
-24153 -9865
-23765 -12036
-23131 -14119
-22271 -16089
-21192 -17923
-19879 -19576
-18362 -21040
-16668 -22308
-14818 -23363
-12818 -24164
-10703 -24727
-8506 -25057
-6255 -25152
-3974 -24982
-1695 -24585
556 -23976
2750 -23169
4843 -22151
6830 -20969
8690 -19647
10397 -18205
11910 -16660
13243 -15045
14389 -13388
15329 -11716
16037 -10060
16545 -8436
16855 -6866
16964 -5381
16867 -4009
16600 -2748
16179 -1611
15612 -624
14915 198
14120 873
13249 1399
12324 1761
11368 1964
10402 2033
9450 1979
8542 1800
7694 1517
6916 1156
6223 734
5650 269
5195 -220
4856 -708
4639 -1175
4570 -1592
4630 -1948
4806 -2229
5093 -2418
5503 -2479
6005 -2421
6580 -2240
7212 -1928
7898 -1451
8605 -840
9315 -100
10004 769
10652 1780
11242 2897
11756 4105
12171 5394
12460 6756
12625 8157
12653 9578
12527 10998
12225 12396
11766 13749
11149 15037
10361 16231
9401 17311
8294 18268
7051 19084
5671 19732
4167 20200
2571 20494
899 20605
-834 20512
-2606 20219
-4390 19741
-6165 19085
-7904 18236
-9587 17216
-11197 16048
-12712 14746
-14097 13312
-15349 11776
-16458 10161
-17409 8489
-18167 6778
-18748 5052
-19151 3333
-19373 1642
-19385 13
-19220 -1549
-18887 -3026
-18391 -4398
-17724 -5634
-16921 -6743
-15998 -7717
-14968 -8542
-13845 -9198
-12654 -9705
-11416 -10068
-10152 -10279
-8884 -10335
-7628 -10264
-6402 -10077
-5231 -9779
-4134 -9381
-3115 -8908
-2185 -8378
-1370 -7807
-675 -7212
-94 -6612
372 -6023
704 -5471
911 -4968
1008 -4523
1002 -4149
887 -3874
682 -3697
407 -3616
77 -3637
-302 -3784
-707 -4040
-1120 -4395
-1523 -4845
-1895 -5403
-2225 -6040
-2497 -6742
-2696 -7495
-2791 -8298
-2790 -9120
-2683 -9945
-2459 -10754
-2093 -11528
-1606 -12251
-998 -12905
-266 -13468
602 -13917
1576 -14250
2646 -14454
3806 -14510
5053 -14399
6354 -14134
7692 -13710
9054 -13114
10420 -12342
11767 -11416
13073 -10343
14316 -9118
15476 -7755
16539 -6279
17487 -4706
18290 -3046
18940 -1320
19432 446
19758 2230
19888 4011
19830 5768
19591 7479
19172 9122
18552 10668
17755 12105
16797 13422
15689 14602
14424 15608
13036 16453
11544 17131
9969 17637
8322 17938
6631 18065
4920 18023
3212 17814
1532 17425
-105 16891
-1678 16227
-3165 15444
-4535 14550
-5793 13575
-6924 12539
-7910 11462
-8730 10364
-9402 9265
-9923 8184
-10282 7148
-10475 6177
-10527 5276
-10449 4461
-10238 3756
-9909 3173
-9488 2702
-8993 2350
-8437 2137
-7839 2055
-7223 2088
-6608 2228
-6021 2485
-5476 2838
-4986 3263
-4571 3744
-4262 4276
-4058 4832
-3963 5389
-3985 5927
-4158 6422
-4458 6858
-4880 7216
-5420 7477
-6103 7605
-6887 7605
-7759 7466
-8708 7173
-9732 6694
-10794 6053
-11874 5249
-12949 4277
-14000 3120
-15003 1815
-15932 375
-16763 -1197
-17467 -2895
-18036 -4679
-18452 -6528
-18686 -8424
-18719 -10345
-18559 -12259
-18199 -14138
-17614 -15953
-16805 -17680
-15792 -19296
-14583 -20778
-13164 -22088
-11556 -23213
-9788 -24147
-7880 -24873
-5836 -25355
-3688 -25600
-1468 -25615
795 -25399
3079 -24922
5354 -24215
7590 -23296
9759 -22178
11821 -20849
13763 -19353
15565 -17714
17205 -15956
18631 -14091
19861 -12158
20885 -10184
21687 -8198
22233 -6232
22554 -4306
22657 -2446
22537 -680
22183 954
21636 2458
20914 3819
20026 5008
18985 6002
17829 6823
16584 7467
15274 7919
13923 8177
12559 8271
11209 8213
9905 8003
8672 7658
7521 7211
6471 6684
5559 6093
4792 5464
4166 4825
3687 4202
3388 3625
3252 3114
3262 2685
3410 2359
3715 2178
4140 2136
4663 2240
5263 2497
5935 2950
6643 3566
7359 4338
8058 5260
8712 6361
9299 7589
9796 8926
10175 10356
10398 11876
10468 13441
10370 15023
10081 16595
9570 18133
8861 19604
7954 20981
6836 22230
5496 23319
3973 24237
2283 24962
427 25461
-1583 25710
-3701 25721
-5902 25485
-8168 24974
-10467 24188
-12764 23154
-15025 21881
-17217 20355
-19309 18599
-21277 16650
-23092 14530
-24708 12245
-26113 9834
-27298 7334
-28245 4776
-28905 2190
-29296 -392
-29424 -2936
-29285 -5412
-28842 -7772
-28140 -10004
-27194 -12086
-26019 -13993
-24599 -15669
-22989 -17135
-21215 -18381
-19303 -19391
-17268 -20127
-15153 -20628
-12988 -20898
-10808 -20937
-8646 -20732
-6524 -20329
-4471 -19747
-2522 -18999
-711 -18099
961 -17087
2477 -15990
3806 -14834
4928 -13647
5863 -12456
6609 -11286
7143 -10174
7472 -9144
7625 -8204
7615 -7373
7437 -6689
7115 -6157
6683 -5769
6162 -5531
5569 -5474
4932 -5579
4280 -5826
3638 -6206
3041 -6733
2503 -7372
2044 -8097
1685 -8887
1470 -9734
1390 -10601
1452 -11462
1665 -12291
2074 -13057
2640 -13741
3360 -14322
4231 -14772
5273 -15052
6441 -15168
7717 -15108
9088 -14849
10547 -14362
12052 -13674
13576 -12785
15096 -11685
16585 -10364
18016 -8863
19361 -7195
20588 -5364
21669 -3386
22594 -1300
23343 869
23880 3099
24191 5364
24285 7629
24153 9865
23765 12036
23131 14119
22271 16089
21192 17923
19879 19576
18362 21040
16668 22308
14818 23363
12818 24164
10703 24727
8506 25057
6255 25152
3974 24982
1695 24585
-556 23976
-2750 23169
-4843 22151
-6830 20969
-8690 19647
-10397 18205
-11910 16660
-13243 15045
-14389 13388
-15329 11716
-16037 10060
-16545 8436
-16855 6866
-16964 5381
-16867 4009
-16600 2748
-16179 1611
-15612 624
-14915 -198
-14120 -873
-13249 -1399
-12324 -1761
-11368 -1964
-10402 -2033
-9450 -1979
-8542 -1800
-7694 -1517
-6916 -1156
-6223 -734
-5650 -269
-5195 220
-4856 708
-4639 1175
-4570 1592
-4630 1948
-4806 2229
-5093 2418
-5503 2479
-6005 2421
-6580 2240
-7212 1928
-7898 1451
-8605 840
-9315 100
-10004 -769
-10652 -1780
-11242 -2897
-11756 -4105
-12171 -5394
-12460 -6756
-12625 -8157
-12653 -9578
-12527 -10998
-12225 -12396
-11766 -13749
-11149 -15037
-10361 -16231
-9401 -17311
-8294 -18268
-7051 -19084
-5671 -19732
-4167 -20200
-2571 -20494
-899 -20605
834 -20512
2606 -20219
4390 -19741
6165 -19085
7904 -18236
9587 -17216
11197 -16048
12712 -14746
14097 -13312
15349 -11776
16458 -10161
17409 -8489
18167 -6778
18748 -5052
19151 -3333
19373 -1642
19385 -13
19220 1549
18887 3026
18391 4398
17724 5634
16921 6743
15998 7717
14968 8542
13845 9198
12654 9705
11416 10068
10152 10279
8884 10335
7628 10264
6402 10077
5231 9779
4134 9381
3115 8908
2185 8378
1370 7807
675 7212
94 6612
-372 6023
-704 5471
-911 4968
-1008 4523
-1002 4149
-887 3874
-682 3697
-407 3616
-77 3637
302 3784
707 4040
1120 4395
1523 4845
1895 5403
2225 6040
2497 6742
2696 7495
2791 8298
2790 9120
2683 9945
2459 10754
2093 11528
1606 12251
998 12905
266 13468
-602 13917
-1576 14250
-2646 14454
-3806 14510
-5053 14399
-6354 14134
-7692 13710
-9054 13114
-10420 12342
-11767 11416
-13073 10343
-14316 9118
-15476 7755
-16539 6279
-17487 4706
-18290 3046
-18940 1320
-19432 -446
-19758 -2230
-19888 -4011
-19830 -5768
-19591 -7479
-19172 -9122
-18552 -10668
-17755 -12105
-16797 -13422
-15689 -14602
-14424 -15608
-13036 -16453
-11544 -17131
-9969 -17637
-8322 -17938
-6631 -18065
-4920 -18023
-3212 -17814
-1532 -17425
105 -16891
1678 -16227
3165 -15444
4535 -14550
5793 -13575
6924 -12539
7910 -11462
8730 -10364
9402 -9265
9923 -8184
10282 -7148
10475 -6177
10527 -5276
10449 -4461
10238 -3756
9909 -3173
9488 -2702
8993 -2350
8437 -2137
7839 -2055
7223 -2088
6608 -2228
6021 -2485
5476 -2838
4986 -3263
4571 -3744
4262 -4276
4058 -4832
3963 -5389
3985 -5927
4158 -6422
4458 -6858
4880 -7216
5420 -7477
6103 -7605
6887 -7605
7759 -7466
8708 -7173
9732 -6694
10794 -6053
11874 -5249
12949 -4277
14000 -3120
15003 -1815
15932 -375
16763 1197
17467 2895
18036 4679
18452 6528
18686 8424
18719 10345
18559 12259
18199 14138
17614 15953
16805 17680
15792 19296
14583 20778
13164 22088
11556 23213
9788 24147
7880 24873
5836 25355
3688 25600
1468 25615
-795 25399
-3079 24922
-5354 24215
-7590 23296
-9759 22178
-11821 20849
-13763 19353
-15565 17714
-17205 15956
-18631 14091
-19861 12158
-20885 10184
-21687 8198
-22233 6232
-22554 4306
-22657 2446
-22537 680
-22183 -954
-21636 -2458
-20914 -3819
-20026 -5008
-18985 -6002
-17829 -6823
-16584 -7467
-15274 -7919
-13923 -8177
-12559 -8271
-11209 -8213
-9905 -8003
-8672 -7658
-7521 -7211
-6471 -6684
-5559 -6093
-4792 -5464
-4166 -4825
-3687 -4202
-3388 -3625
-3252 -3114
-3262 -2685
-3410 -2359
-3715 -2178
-4140 -2136
-4663 -2240
-5263 -2497
-5935 -2950
-6643 -3566
-7359 -4338
-8058 -5260
-8712 -6361
-9299 -7589
-9796 -8926
-10175 -10356
-10398 -11876
-10468 -13441
-10370 -15023
-10081 -16595
-9570 -18133
-8861 -19604
-7954 -20981
-6836 -22230
-5496 -23319
-3973 -24237
-2283 -24962
-427 -25461
1583 -25710
3701 -25721
5902 -25485
8168 -24974
10467 -24188
12764 -23154
15025 -21881
17217 -20355
19309 -18599
21277 -16650
23092 -14530
